8.053548761609906625e-01 1.946451238390092819e-01
7.375000000000000444e-01 2.625000000000000111e-01
5.200205218197763157e-01 4.799794781802237398e-01
4.181729205687730322e-01 5.818270794312269123e-01
4.600619791041486994e-01 5.399380208958513006e-01
3.265641635178090363e-01 6.734358364821908527e-01
4.302980318923450009e-01 5.697019681076549436e-01
3.075575577977381347e-01 6.924424422022620318e-01
8.063578663529669122e-01 1.936421336470331711e-01
6.318850938808580064e-01 3.681149061191418270e-01
6.246419796653663870e-01 3.753580203346337241e-01
6.739600260874980542e-01 3.260399739125019458e-01
5.570491803278688758e-01 4.429508196721311797e-01
5.984398703293699606e-01 4.015601296706300949e-01
1.673575000816026892e-01 8.326424999183973386e-01
6.343486547807637432e-01 3.656513452192363678e-01
2.291264367816091829e-01 7.708735632183908448e-01
5.199440093867988555e-01 4.800559906132013110e-01
6.895680121203985324e-01 3.104319878796013010e-01
3.996778422131316844e-01 6.003221577868682601e-01
7.115183377896613370e-01 2.884816622103386630e-01
5.154046482763059434e-01 4.845953517236940566e-01
3.433853535353535991e-01 6.566146464646464009e-01
6.217021373277055174e-01 3.782978626722944271e-01
7.587253606255008886e-01 2.412746393744991946e-01
2.242492151705940684e-01 7.757507848294059594e-01
3.701355655245228138e-01 6.298644344754771307e-01
6.877753571680041977e-01 3.122246428319957468e-01
3.909129351135083308e-01 6.090870648864917802e-01
5.097179590001197358e-01 4.902820409998802642e-01
7.383254883509788868e-01 2.616745116490212797e-01
5.005179100895650324e-01 4.994820899104349121e-01
8.277777777777778345e-01 1.722222222222222210e-01
5.347613806013087334e-01 4.652386193986913776e-01
5.590129877369007794e-01 4.409870122630992761e-01
4.420764175366717064e-01 5.579235824633281826e-01
2.640667812896061450e-01 7.359332187103938550e-01
5.774488659982677241e-01 4.225511340017322759e-01
7.839777592685081009e-01 2.160222407314917881e-01
6.047433800151538197e-01 3.952566199848462358e-01
7.403351594001370550e-01 2.596648405998630005e-01
5.213469334717499848e-01 4.786530665282500707e-01
5.556783234717408426e-01 4.443216765282591019e-01
8.125702782989367989e-01 1.874297217010631733e-01
1.680622636622636501e-01 8.319377363377362666e-01
5.969976529810152588e-01 4.030023470189846302e-01
5.886333149421384414e-01 4.113666850578615031e-01
8.796923981191222541e-01 1.203076018808777459e-01
2.836885781182323374e-01 7.163114218817676626e-01
6.909311881839478309e-01 3.090688118160521691e-01
7.192835182158952012e-01 2.807164817841046878e-01
7.453292432803001466e-01 2.546707567196998534e-01
4.090125458526566726e-01 5.909874541473434384e-01
4.543548751587168089e-01 5.456451248412830246e-01
3.950788877015369849e-01 6.049211122984629041e-01
5.165276505491874781e-01 4.834723494508125774e-01
5.967802096479690732e-01 4.032197903520308158e-01
4.929735588429762783e-01 5.070264411570237773e-01
6.424028786922177936e-01 3.575971213077824284e-01
2.305721302006772111e-01 7.694278697993227611e-01
6.903855503528347759e-01 3.096144496471651686e-01
6.215384615384614841e-01 3.784615384615385159e-01
7.550510999372527232e-01 2.449489000627472768e-01
3.789416811145336905e-01 6.210583188854663650e-01
4.989530215398220725e-01 5.010469784601778720e-01
5.215432316277655023e-01 4.784567683722344977e-01
6.156555591894753432e-01 3.843444408105246013e-01
6.986529619472333641e-01 3.013470380527665249e-01
4.257277698206733962e-01 5.742722301793266038e-01
7.192565099894102643e-01 2.807434900105899023e-01
6.026396651401901838e-01 3.973603348598098162e-01
5.407649631795181655e-01 4.592350368204817790e-01
1.101512267258183964e-01 8.898487732741815481e-01
6.362740487322766647e-01 3.637259512677233908e-01
6.260830376777749562e-01 3.739169623222249328e-01
6.068571428571428727e-01 3.931428571428571273e-01
5.906907510603797151e-01 4.093092489396202849e-01
5.397020625698231155e-01 4.602979374301768289e-01
5.475103854618843524e-01 4.524896145381157031e-01
4.426422942165966212e-01 5.573577057834032678e-01
4.852411203723595023e-01 5.147588796276404421e-01
7.420653161452177571e-01 2.579346838547823539e-01
3.764781490750513937e-01 6.235218509249486063e-01
3.921321606942881344e-01 6.078678393057118656e-01
6.739511448851172037e-01 3.260488551148827963e-01
2.734796713885322972e-01 7.265203286114676473e-01
5.750482996004543379e-01 4.249517003995456066e-01
6.161145489787710483e-01 3.838854510212289517e-01
5.591473846574276374e-01 4.408526153425722516e-01
3.938579817260346450e-01 6.061420182739652995e-01
6.891344878191233425e-01 3.108655121808767685e-01
3.466191195174140316e-01 6.533808804825858019e-01
5.548360599378021618e-01 4.451639400621977272e-01
3.284524562452462160e-01 6.715475437547538951e-01
4.277422218251486496e-01 5.722577781748514614e-01
6.312217790156033903e-01 3.687782209843964987e-01
7.655126718236376915e-01 2.344873281763623085e-01
5.962540456586515880e-01 4.037459543413484675e-01
5.441881961050970551e-01 4.558118038949029449e-01
2.464180336990186293e-01 7.535819663009812874e-01
7.234376925256672530e-01 2.765623074743328025e-01
4.745275870077592661e-01 5.254724129922406783e-01
8.134358974358975036e-01 1.865641025641025796e-01
4.694104824402021703e-01 5.305895175597979962e-01
2.720037650988290645e-01 7.279962349011709355e-01
8.298526857063442952e-01 1.701473142936557603e-01
3.942408741541457706e-01 6.057591258458541184e-01
5.856050489486036570e-01 4.143949510513964540e-01
2.756277093214314355e-01 7.243722906785685645e-01
6.859503403888961293e-01 3.140496596111039818e-01
3.426960446153045625e-01 6.573039553846954375e-01
3.566314965121406000e-01 6.433685034878593445e-01
4.646153786407744568e-01 5.353846213592255987e-01
5.588816671700392869e-01 4.411183328299607687e-01
2.760105531505531729e-01 7.239894468494467716e-01
6.620242088607595221e-01 3.379757911392405334e-01
4.545577404627424989e-01 5.454422595372575566e-01
5.663061757910160532e-01 4.336938242089840578e-01
5.498382307845521844e-01 4.501617692154478156e-01
2.258826260400216834e-01 7.741173739599782611e-01
6.440000398137415427e-01 3.559999601862584573e-01
4.341182695300342398e-01 5.658817304699657047e-01
8.840000000000000080e-01 1.160000000000000059e-01
5.617772883209523060e-01 4.382227116790479160e-01
5.640119460009609398e-01 4.359880539990390602e-01
1.604418842764262776e-01 8.395581157235737502e-01
5.289684456636730703e-01 4.710315543363269852e-01
4.569915380976534713e-01 5.430084619023466397e-01
5.298694942659224472e-01 4.701305057340775528e-01
3.989548959056848920e-01 6.010451040943149970e-01
7.792509090909091052e-01 2.207490909090909226e-01
4.707332762065520870e-01 5.292667237934478575e-01
5.769567005779108193e-01 4.230432994220891252e-01
5.300009361217601356e-01 4.699990638782400310e-01
6.129771257656249084e-01 3.870228742343749806e-01
7.598504983388703060e-01 2.401495016611295552e-01
6.546501740738782660e-01 3.453498259261216785e-01
7.371927945742601240e-01 2.628072054257398760e-01
6.782785401258473179e-01 3.217214598741527376e-01
6.616449626615874546e-01 3.383550373384124343e-01
4.142439294499496993e-01 5.857560705500504117e-01
1.916753790016661740e-01 8.083246209983337982e-01
3.699878335396561413e-01 6.300121664603439697e-01
7.081915630722231958e-01 2.918084369277768597e-01
8.673333333333332895e-01 1.326666666666666550e-01
4.253183964344006696e-01 5.746816035655992749e-01
4.297195758509795294e-01 5.702804241490204706e-01
3.765375941754525169e-01 6.234624058245474831e-01
6.538361497123692523e-01 3.461638502876308032e-01
6.197748366868197634e-01 3.802251633131802921e-01
5.231388594327610608e-01 4.768611405672389947e-01
3.797231876287488483e-01 6.202768123712510961e-01
6.653862184873949870e-01 3.346137815126050685e-01
5.972580920492502887e-01 4.027419079507498778e-01
6.118336919664415507e-01 3.881663080335583937e-01
6.579149553947509776e-01 3.420850446052488558e-01
5.351649250636196786e-01 4.648350749363804324e-01
2.396549997013332489e-01 7.603450002986665845e-01
4.923775993647588334e-01 5.076224006352411111e-01
4.336859790381272228e-01 5.663140209618727772e-01
4.566191126192979399e-01 5.433808873807020046e-01
2.558218930408783232e-01 7.441781069591217879e-01
5.670331667458138325e-01 4.329668332541861675e-01
4.696748552738593263e-01 5.303251447261406737e-01
6.956339740320455212e-01 3.043660259679544233e-01
6.314552953819444481e-01 3.685447046180557185e-01
6.316619786338889542e-01 3.683380213661112124e-01
3.837980216458248273e-01 6.162019783541751172e-01
8.612823529411763879e-01 1.387176470588235566e-01
4.511830922417336409e-01 5.488169077582664146e-01
7.312885631869185943e-01 2.687114368130811837e-01
8.226317239999456632e-01 1.773682760000543646e-01
4.540705134328922865e-01 5.459294865671077135e-01
5.451185339730334478e-01 4.548814660269665522e-01
3.652454819044481660e-01 6.347545180955517230e-01
7.055942312451204401e-01 2.944057687548796154e-01
3.939994784721314591e-01 6.060005215278686519e-01
4.632747210393790560e-01 5.367252789606209440e-01
4.570677080616316057e-01 5.429322919383682278e-01
7.267475258799170890e-01 2.732524741200828000e-01
3.497995612374377172e-01 6.502004387625622828e-01
7.546357657542693831e-01 2.453642342457306447e-01
6.481261099860734509e-01 3.518738900139266046e-01
5.162118702553484262e-01 4.837881297446514628e-01
3.398987385706546682e-01 6.601012614293454428e-01
4.537226467718177836e-01 5.462773532281823829e-01
6.018485194743156130e-01 3.981514805256844425e-01
4.763151012793928052e-01 5.236848987206073058e-01
5.487928272261682894e-01 4.512071727738317661e-01
6.520925878393949437e-01 3.479074121606050563e-01
5.270669376285813668e-01 4.729330623714185222e-01
3.012046543815529720e-01 6.987953456184468060e-01
2.749191350677152590e-01 7.250808649322847410e-01
4.484899564711230524e-01 5.515100435288770031e-01
7.744559929674628140e-01 2.255440070325371582e-01
4.791058781467691374e-01 5.208941218532309181e-01
7.829311098026097149e-01 2.170688901973903406e-01
2.680586253400881747e-01 7.319413746599118253e-01
4.541044504275803528e-01 5.458955495724197027e-01
4.037536570883829556e-01 5.962463429116169333e-01
3.365916766583531006e-01 6.634083233416470105e-01
7.502960764725470355e-01 2.497039235274529645e-01
2.472466871311273240e-01 7.527533128688727038e-01
3.124487278975964233e-01 6.875512721024035212e-01
6.390236653824986623e-01 3.609763346175013932e-01
4.827662251789829884e-01 5.172337748210169561e-01
4.972479932124177493e-01 5.027520067875822507e-01
6.357775507844833918e-01 3.642224492155166082e-01
6.605098290598291344e-01 3.394901709401709766e-01
7.199320362052866740e-01 2.800679637947132705e-01
1.748632494497459056e-01 8.251367505502539279e-01
5.781041214106259485e-01 4.218958785893740515e-01
5.457196967239695828e-01 4.542803032760304727e-01
8.753750000000000142e-01 1.246249999999999997e-01
3.234525904528373075e-01 6.765474095471626370e-01
4.923634230474830953e-01 5.076365769525168492e-01
3.925520723214242502e-01 6.074479276785755832e-01
4.747260305709679606e-01 5.252739694290320394e-01
6.690063727610932043e-01 3.309936272389066847e-01
8.222916666666666430e-01 1.777083333333333293e-01
6.564158355103471010e-01 3.435841644896528990e-01
4.931855074712950815e-01 5.068144925287049185e-01
7.088211382113820402e-01 2.911788617886178487e-01
8.119715217134139129e-01 1.880284782865861426e-01
5.807703896306017910e-01 4.192296103693982645e-01
2.492742362209272866e-01 7.507257637790726301e-01
5.103750701819241842e-01 4.896249298180758158e-01
4.487954545454545530e-01 5.512045454545454470e-01
5.937574806780514525e-01 4.062425193219484365e-01
5.821074441870904836e-01 4.178925558129095719e-01
5.120213596950177193e-01 4.879786403049823362e-01
7.634242649242649614e-01 2.365757350757350941e-01
7.255953527371692413e-01 2.744046472628309252e-01
5.361026852044979973e-01 4.638973147955019471e-01
3.682673131723258053e-01 6.317326868276741392e-01
5.235967978468645256e-01 4.764032021531354189e-01
5.424611295597524530e-01 4.575388704402476026e-01
8.720825646894359018e-01 1.279174353105641260e-01
7.418181818181817100e-01 2.581818181818181790e-01
5.613855260073971065e-01 4.386144739926030600e-01
5.241913112884720727e-01 4.758086887115279273e-01
5.783454378297455678e-01 4.216545621702544877e-01
3.725676190476190364e-01 6.274323809523809636e-01
4.202937996582818969e-01 5.797062003417181586e-01
4.273493952324536882e-01 5.726506047675463673e-01
8.538546308546308694e-01 1.461453691453691583e-01
4.313339724127704944e-01 5.686660275872296166e-01
7.069467684740334823e-01 2.930532315259666287e-01
6.514554346589384037e-01 3.485445653410615963e-01
5.277452449409266722e-01 4.722547550590733278e-01
6.082175819709633169e-01 3.917824180290365166e-01
4.875092814026479870e-01 5.124907185973520685e-01
6.778677362284262209e-01 3.221322637715738901e-01
6.046517463838932960e-01 3.953482536161065930e-01
5.788236485299816936e-01 4.211763514700183064e-01
2.341875224589260174e-01 7.658124775410741769e-01
3.492892440478220784e-01 6.507107559521778661e-01
5.770688653021024406e-01 4.229311346978973374e-01
3.129744472733181349e-01 6.870255527266817541e-01
6.507734214428718689e-01 3.492265785571281866e-01
6.595754943129907844e-01 3.404245056870093822e-01
8.535052089880830195e-01 1.464947910119168417e-01
8.880000000000000115e-01 1.120000000000000023e-01
5.705489611556570084e-01 4.294510388443429916e-01
4.499632622610393873e-01 5.500367377389605572e-01
8.006559929939013331e-01 1.993440070060986391e-01
6.892346703184701884e-01 3.107653296815297561e-01
5.940413207043733212e-01 4.059586792956267343e-01
7.197756437954713205e-01 2.802243562045285130e-01
4.556202965191462062e-01 5.443797034808537383e-01
8.342677495039924063e-01 1.657322504960076215e-01
6.796761098097303666e-01 3.203238901902694669e-01
6.225518573955839408e-01 3.774481426044160037e-01
4.312392737361492867e-01 5.687607262638507688e-01
5.751085602179858425e-01 4.248914397820140465e-01
4.173839656576718848e-01 5.826160343423281152e-01
4.906457804970476011e-01 5.093542195029523434e-01
5.113856947103794237e-01 4.886143052896205763e-01
3.918093223819238413e-01 6.081906776180764362e-01
6.552361046269362665e-01 3.447638953730636224e-01
5.768619047619047979e-01 4.231380952380951466e-01
5.662865384838893235e-01 4.337134615161108431e-01
5.531449545078577223e-01 4.468550454921422777e-01
5.630033582106366286e-01 4.369966417893634825e-01
7.430220657356381153e-01 2.569779342643619402e-01
5.420599532663682441e-01 4.579400467336318115e-01
5.435329721027907235e-01 4.564670278972092210e-01
8.284233470169677371e-01 1.715766529830322629e-01
3.723584775620931153e-01 6.276415224379069402e-01
4.709602122854362194e-01 5.290397877145637251e-01
7.177714285714286158e-01 2.822285714285713842e-01
6.139671312149734828e-01 3.860328687850262397e-01
2.625827355745891656e-01 7.374172644254107789e-01
3.595664672152060759e-01 6.404335327847938686e-01
9.050505347593582606e-01 9.494946524064172555e-02
3.178498558549618935e-01 6.821501441450380510e-01
7.394986111111111482e-01 2.605013888888888518e-01
5.435273813952318234e-01 4.564726186047681766e-01
4.192785974168173335e-01 5.807214025831828330e-01
6.304643760888037907e-01 3.695356239111960428e-01
5.459806109269788044e-01 4.540193890730211956e-01
7.347303333235438716e-01 2.652696666764561839e-01
7.679387217156365963e-01 2.320612782843634037e-01
6.817896893526161906e-01 3.182103106473838650e-01
2.247083704251130465e-01 7.752916295748868425e-01
4.073872233387301200e-01 5.926127766612698800e-01
8.242718087219580436e-01 1.757281912780420119e-01
4.632981324430229253e-01 5.367018675569770192e-01
5.388638330635867613e-01 4.611361669364131832e-01
6.467973938054631944e-01 3.532026061945368056e-01
5.633029006557216389e-01 4.366970993442783056e-01
4.131448786643285298e-01 5.868551213356716367e-01
6.948868703647028688e-01 3.051131296352971312e-01
6.043759838323636835e-01 3.956240161676364275e-01
7.471080128205128679e-01 2.528919871794871321e-01
4.354231252779204864e-01 5.645768747220795136e-01
3.635459356096948924e-01 6.364540643903050521e-01
6.197817300673593710e-01 3.802182699326406845e-01
4.197213606772431382e-01 5.802786393227568063e-01
4.224477952453372653e-01 5.775522047546628457e-01
5.317781131149551532e-01 4.682218868850447913e-01
4.792022345509777126e-01 5.207977654490222319e-01
4.469108955412736672e-01 5.530891044587263883e-01
6.028585477676289273e-01 3.971414522323708507e-01
5.506780816323016969e-01 4.493219183676984141e-01
7.753613929090336088e-01 2.246386070909664190e-01
6.850121245739909659e-01 3.149878754260090341e-01
4.987221348797608034e-01 5.012778651202391966e-01
6.673652593710447389e-01 3.326347406289553166e-01
7.520785975518735622e-01 2.479214024481265766e-01
7.477745307776871853e-01 2.522254692223128703e-01
5.950159299849169248e-01 4.049840700150830752e-01
6.404379512377527117e-01 3.595620487622472883e-01
5.471995223618826287e-01 4.528004776381172602e-01
4.627431945303817074e-01 5.372568054696184037e-01
2.493156487475372829e-01 7.506843512524628004e-01
7.275401504282423826e-01 2.724598495717577840e-01
5.758691275746355975e-01 4.241308724253644025e-01
4.928862594787918883e-01 5.071137405212081672e-01
6.378278000272049608e-01 3.621721999727950392e-01
6.440869862822860004e-01 3.559130137177139996e-01
7.446500268817203283e-01 2.553499731182796162e-01
2.591329472277493773e-01 7.408670527722508448e-01
2.852822904872904797e-01 7.147177095127094093e-01
2.931803696633956124e-01 7.068196303366043320e-01
2.773535613137560474e-01 7.226464386862440081e-01
5.703787596118479186e-01 4.296212403881520814e-01
6.916895422008769723e-01 3.083104577991229167e-01
3.915357142857142647e-01 6.084642857142857908e-01
3.549599714962824448e-01 6.450400285037176662e-01
4.373883793362928207e-01 5.626116206637071793e-01
4.923446145281173414e-01 5.076553854718826031e-01
4.844087270195853723e-01 5.155912729804146277e-01
4.504855692134394629e-01 5.495144307865604816e-01
3.290790592511989021e-01 6.709209407488010424e-01
5.855823369179599114e-01 4.144176630820402552e-01
3.471628831540112814e-01 6.528371168459885521e-01
6.726252621963147993e-01 3.273747378036851452e-01
3.297207809567201942e-01 6.702792190432800279e-01
1.994641781876221875e-01 8.005358218123779235e-01
4.469902816193121464e-01 5.530097183806879091e-01
7.912461614719130676e-01 2.087538385280869879e-01
5.804600549074314664e-01 4.195399450925684226e-01
6.876731377576039694e-01 3.123268622423961971e-01
4.535991822991822797e-01 5.464008177008177203e-01
7.918998693178964654e-01 2.081001306821035068e-01
5.049323388569939564e-01 4.950676611430060992e-01
3.628124956401853063e-01 6.371875043598147492e-01
3.085361406573964849e-01 6.914638593426033486e-01
9.138823529411764790e-01 8.611764705882353488e-02
2.997771061591346653e-01 7.002228938408653347e-01
5.367217805160280353e-01 4.632782194839719092e-01
4.890959824559798497e-01 5.109040175440201503e-01
5.108176560823365353e-01 4.891823439176634647e-01
5.294639004698780127e-01 4.705360995301219873e-01
4.885759398690082689e-01 5.114240601309917311e-01
2.806856828605299170e-01 7.193143171394700275e-01
2.601561300706348723e-01 7.398438699293651277e-01
6.509150035134244616e-01 3.490849964865753718e-01
5.027568614546930048e-01 4.972431385453069952e-01
6.510342676296729802e-01 3.489657323703271308e-01
4.674175779560929000e-01 5.325824220439071555e-01
5.210413356189219636e-01 4.789586643810780919e-01
7.486935144924342644e-01 2.513064855075656800e-01
7.528612373737374464e-01 2.471387626262626369e-01
5.153902211705341241e-01 4.846097788294659314e-01
6.614062010725423324e-01 3.385937989274577231e-01
4.866289810924727677e-01 5.133710189075272323e-01
4.489174209711362940e-01 5.510825790288635950e-01
8.299999999999999600e-01 1.700000000000000122e-01
4.258748086177628345e-01 5.741251913822373876e-01
9.138333333333333863e-01 8.616666666666666918e-02
3.730336020088431126e-01 6.269663979911568319e-01
5.218847330260900641e-01 4.781152669739098804e-01
2.816124539282117145e-01 7.183875460717882300e-01
6.971025700495203647e-01 3.028974299504795242e-01
5.209792235057626453e-01 4.790207764942372992e-01
5.321008509067942649e-01 4.678991490932057351e-01
5.733458758361522634e-01 4.266541241638477366e-01
8.650057610568100408e-01 1.349942389431898759e-01
7.376789539471704238e-01 2.623210460528297427e-01
4.460519519594288163e-01 5.539480480405711837e-01
3.950093057760233339e-01 6.049906942239765550e-01
8.607301587301587897e-01 1.392698412698412658e-01
4.552616018837025713e-01 5.447383981162975397e-01
6.547468922863743934e-01 3.452531077136255511e-01
3.547296489346105086e-01 6.452703510653894359e-01
5.832199373363753381e-01 4.167800626636246619e-01
6.254316498513587952e-01 3.745683501486414269e-01
2.707880025119739908e-01 7.292119974880258981e-01
5.580900900900901407e-01 4.419099099099099148e-01
4.772893982444579297e-01 5.227106017555420703e-01
5.832398439703101456e-01 4.167601560296898544e-01
7.477735167899576263e-01 2.522264832100422627e-01
3.301381405918490941e-01 6.698618594081507949e-01
8.806388888888888600e-01 1.193611111111111123e-01
4.390591910407879439e-01 5.609408089592119451e-01
4.356403826918258115e-01 5.643596173081739664e-01
3.246820031093874959e-01 6.753179968906124486e-01
5.631426255053686436e-01 4.368573744946314119e-01
5.489096121603070921e-01 4.510903878396929079e-01
7.139063214385221734e-01 2.860936785614779931e-01
5.387426107387093266e-01 4.612573892612907289e-01
5.028877758973891998e-01 4.971122241026107447e-01
7.540599267343454093e-01 2.459400732656546740e-01
6.178299028555253036e-01 3.821700971444748074e-01
6.881392169991455976e-01 3.118607830008545134e-01
6.418040728878965373e-01 3.581959271121035737e-01
6.978372893772892827e-01 3.021627106227106063e-01
7.529348873348874482e-01 2.470651126651126628e-01
7.960000000000000409e-01 2.039999999999999869e-01
5.768603230701854212e-01 4.231396769298145233e-01
3.602145559589767232e-01 6.397854440410231103e-01
4.192966671495939601e-01 5.807033328504058733e-01
6.791875000000000551e-01 3.208125000000000004e-01
8.121590690921843825e-01 1.878409309078156730e-01
4.516649926794715220e-01 5.483350073205285335e-01
5.187651010000802199e-01 4.812348989999198356e-01
3.471048226878555298e-01 6.528951773121445257e-01
7.102193158748836277e-01 2.897806841251164833e-01
7.022289259453526888e-01 2.977710740546472001e-01
3.803018423305113416e-01 6.196981576694886584e-01
5.008516784279202216e-01 4.991483215720797229e-01
6.616467994508673511e-01 3.383532005491326489e-01
4.258507848466900891e-01 5.741492151533098554e-01
4.595395620061592523e-01 5.404604379938408032e-01
4.829667847338333098e-01 5.170332152661667457e-01
3.676515627017989396e-01 6.323484372982013380e-01
6.609485486899909779e-01 3.390514513100090221e-01
7.292408303265229819e-01 2.707591696734770181e-01
6.069952470989536941e-01 3.930047529010461949e-01
5.301862418204871252e-01 4.698137581795128193e-01
5.966304764879518663e-01 4.033695235120481892e-01
7.189771539160083602e-01 2.810228460839915843e-01
4.690912747104708513e-01 5.309087252895292597e-01
6.473270691322678960e-01 3.526729308677322705e-01
1.688140707118968020e-01 8.311859292881033090e-01
5.335247997202710035e-01 4.664752002797291075e-01
6.191337377771244377e-01 3.808662622228756178e-01
2.379261253976583668e-01 7.620738746023416610e-01
7.365961104801315162e-01 2.634038895198684838e-01
5.141841082388245443e-01 4.858158917611753447e-01
3.941300134971672531e-01 6.058699865028326359e-01
3.196127824162338094e-01 6.803872175837661906e-01
5.059518909355199545e-01 4.940481090644800455e-01
4.078424991927715459e-01 5.921575008072285096e-01
6.562147686784352008e-01 3.437852313215648548e-01
4.242546509336722060e-01 5.757453490663279050e-01
7.110816962296926391e-01 2.889183037703074164e-01
6.611770376569118257e-01 3.388229623430881188e-01
5.467017230568080866e-01 4.532982769431919690e-01
5.619244088435854101e-01 4.380755911564144789e-01
5.727892857142856675e-01 4.272107142857142215e-01
3.548156811989005011e-01 6.451843188010992769e-01
5.712815664624849576e-01 4.287184335375149313e-01
1.887073816518938518e-01 8.112926183481061759e-01
5.317820903930763343e-01 4.682179096069235547e-01
5.358060566514555312e-01 4.641939433485445243e-01
4.844175090022911356e-01 5.155824909977089199e-01
6.217843549993958829e-01 3.782156450006040616e-01
3.023174128917442416e-01 6.976825871082555919e-01
5.382203713968957137e-01 4.617796286031041753e-01
5.487410216772129479e-01 4.512589783227869966e-01
7.114974294032967439e-01 2.885025705967030896e-01
6.572320605489209155e-01 3.427679394510789734e-01
7.798948239886100975e-01 2.201051760113899580e-01
7.315846256684491733e-01 2.684153743315508267e-01
6.233547884513013226e-01 3.766452115486986774e-01
5.352105607624642047e-01 4.647894392375358508e-01
5.520207620723021069e-01 4.479792379276978376e-01
5.796291931869793634e-01 4.203708068130206921e-01
6.253919722375675949e-01 3.746080277624322385e-01
3.581060489060489127e-01 6.418939510939510873e-01
8.193548440065681060e-01 1.806451559934318385e-01
2.601866614837977099e-01 7.398133385162022346e-01
8.319814814814815440e-01 1.680185185185185393e-01
5.734027226252125242e-01 4.265972773747873092e-01
8.759393241167434674e-01 1.240606758832565326e-01
6.617787476471685970e-01 3.382212523528313475e-01
6.648321467744187085e-01 3.351678532255814025e-01
5.844856730091695374e-01 4.155143269908304626e-01
6.464972795662624616e-01 3.535027204337374274e-01
4.114030252429172752e-01 5.885969747570827248e-01
5.431162860128376790e-01 4.568837139871622655e-01
1.347327829124817522e-01 8.652672170875180813e-01
6.616267140994348539e-01 3.383732859005651461e-01
6.342408621715114325e-01 3.657591378284885120e-01
6.090037224899829127e-01 3.909962775100169208e-01
6.291719299012672462e-01 3.708280700987325318e-01
5.826496631473832011e-01 4.173503368526167989e-01
3.710880458447510799e-01 6.289119541552489201e-01
4.041145389425837009e-01 5.958854610574163546e-01
8.104243996318299947e-01 1.895756003681700053e-01
6.498238615521254591e-01 3.501761384478744299e-01
4.460527788616280853e-01 5.539472211383718037e-01
5.490413778276166390e-01 4.509586221723833610e-01
6.429129754275416664e-01 3.570870245724583336e-01
7.510884725008034613e-01 2.489115274991965387e-01
5.482061567301779181e-01 4.517938432698221374e-01
5.810282763102714298e-01 4.189717236897285702e-01
6.046265756808215652e-01 3.953734243191784348e-01
3.444114702923151694e-01 6.555885297076847751e-01
5.701673552428863090e-01 4.298326447571135800e-01
5.338956858859973398e-01 4.661043141140027157e-01
6.850414712310344267e-01 3.149585287689656843e-01
3.517015174265173960e-01 6.482984825734827705e-01
4.441813607495259109e-01 5.558186392504741447e-01
4.575447148298597000e-01 5.424552851701403000e-01
2.003262949924520531e-01 7.996737050075480857e-01
7.568293460925039629e-01 2.431706539074960094e-01
6.411860738254011594e-01 3.588139261745988406e-01
2.881311931641383772e-01 7.118688068358617338e-01
6.061428571428570944e-01 3.938571428571428501e-01
4.333219340926816043e-01 5.666780659073183957e-01
3.743355679937407920e-01 6.256644320062592080e-01
6.078203077141799415e-01 3.921796922858200030e-01
5.868647763354073454e-01 4.131352236645927101e-01
4.983472929933130402e-01 5.016527070066869598e-01
2.804878048780488076e-01 7.195121951219511924e-01
7.693565239887339979e-01 2.306434760112658355e-01
6.485462168482857281e-01 3.514537831517142163e-01
5.811670417934224897e-01 4.188329582065774548e-01
6.928179897122314079e-01 3.071820102877685921e-01
4.719331359224735456e-01 5.280668640775264544e-01
5.711162927905180098e-01 4.288837072094819902e-01
4.136275636644056730e-01 5.863724363355942160e-01
4.114938313911548073e-01 5.885061686088451927e-01
4.755419346538423686e-01 5.244580653461576869e-01
3.358992789802305867e-01 6.641007210197693578e-01
7.754534314852032928e-01 2.245465685147967350e-01
7.130330596580596314e-01 2.869669403419403686e-01
7.249894538280402534e-01 2.750105461719596356e-01
8.455596803293365937e-01 1.544403196706635173e-01
2.846306034482758429e-01 7.153693965517240461e-01
6.493547516057864843e-01 3.506452483942135157e-01
6.123089103110926912e-01 3.876910896889071978e-01
6.451823529411764291e-01 3.548176470588235154e-01
2.219208298571857252e-01 7.780791701428142471e-01
4.351132651084488323e-01 5.648867348915509456e-01
1.617228116710875407e-01 8.382771883289124037e-01
6.149021075320191265e-01 3.850978924679808735e-01
6.720954269972484463e-01 3.279045730027514427e-01
5.724533101045297112e-01 4.275466898954703443e-01
3.719880586799569899e-01 6.280119413200428991e-01
4.226818453402406139e-01 5.773181546597593305e-01
6.147436956003686781e-01 3.852563043996311554e-01
4.416788982756723603e-01 5.583211017243275842e-01
2.815734990121850911e-01 7.184265009878144648e-01
1.970597961822496968e-01 8.029402038177502199e-01
4.977313623803091280e-01 5.022686376196908720e-01
4.044702492702539898e-01 5.955297507297461213e-01
6.078404761904760978e-01 3.921595238095237912e-01
5.501619923517251376e-01 4.498380076482748069e-01
5.938442168042340485e-01 4.061557831957659515e-01
3.589975204224503669e-01 6.410024795775498552e-01
4.827613560874068899e-01 5.172386439125931101e-01
5.236766475539296195e-01 4.763233524460703805e-01
5.309719322648193129e-01 4.690280677351807426e-01
6.134291614820831517e-01 3.865708385179169038e-01
3.390173751085653331e-01 6.609826248914347779e-01
6.437731168888370936e-01 3.562268831111629064e-01
3.179685172062493015e-01 6.820314827937506985e-01
6.772829669763119620e-01 3.227170330236880380e-01
3.774316167382283926e-01 6.225683832617715519e-01
5.664273472545269250e-01 4.335726527454730195e-01
5.490488635468001588e-01 4.509511364531998967e-01
6.628779250327818673e-01 3.371220749672180772e-01
5.310000000000000275e-01 4.689999999999999725e-01
5.991325907738479506e-01 4.008674092261521604e-01
6.692530000852315863e-01 3.307469999147684137e-01
7.255137283379388125e-01 2.744862716620611320e-01
3.816983370344236848e-01 6.183016629655764262e-01
5.481061054597277105e-01 4.518938945402722340e-01
7.218110102343228140e-01 2.781889897656771304e-01
4.904182954449956555e-01 5.095817045550044000e-01
4.324623573154125489e-01 5.675376426845873956e-01
5.721521972265779521e-01 4.278478027734219369e-01
4.900346328796241213e-01 5.099653671203758787e-01
6.219865578050525201e-01 3.780134421949473689e-01
7.341469358000491940e-01 2.658530641999510280e-01
9.076315692421169645e-01 9.236843075788309099e-02
7.050023388022622628e-01 2.949976611977377372e-01
3.389081008437255238e-01 6.610918991562745317e-01
4.114334915885795030e-01 5.885665084114206635e-01
5.969630405912746962e-01 4.030369594087254148e-01
4.330526377114639058e-01 5.669473622885361497e-01
6.006053243942742759e-01 3.993946756057257241e-01
6.785203078760472239e-01 3.214796921239527205e-01
4.464834642659196162e-01 5.535165357340804393e-01
5.448010165187414655e-01 4.551989834812585345e-01
3.941567088668912477e-01 6.058432911331086412e-01
6.269054519790421276e-01 3.730945480209580389e-01
5.254047580989210653e-01 4.745952419010787682e-01
8.140639736098139734e-01 1.859360263901861099e-01
5.599739682651708739e-01 4.400260317348290151e-01
4.450801190023612741e-01 5.549198809976387814e-01
4.275501916070222896e-01 5.724498083929776548e-01
7.932991704374057207e-01 2.067008295625942516e-01
6.827122235476945633e-01 3.172877764523053812e-01
5.347118025641465211e-01 4.652881974358534234e-01
6.533222314435893630e-01 3.466777685564105815e-01
5.754985032316274340e-01 4.245014967683725104e-01
4.853809703268013309e-01 5.146190296731986136e-01
5.421592796072369769e-01 4.578407203927630786e-01
4.614013076458545193e-01 5.385986923541454807e-01
5.767500503254874289e-01 4.232499496745125711e-01
3.862083383221820432e-01 6.137916616778179568e-01
6.957309444541401877e-01 3.042690555458597568e-01
5.113075863840570445e-01 4.886924136159430110e-01
7.621864022338389333e-01 2.378135977661608724e-01
5.003648714187340918e-01 4.996351285812657972e-01
5.133375629586984790e-01 4.866624370413014100e-01
5.140669672150739444e-01 4.859330327849260001e-01
9.300000000000000488e-01 7.000000000000000666e-02
4.981674284176024758e-01 5.018325715823974686e-01
3.362220398165520208e-01 6.637779601834480347e-01
5.422042124809219876e-01 4.577957875190779014e-01
4.268042786795082644e-01 5.731957213204917911e-01
5.999480587340317861e-01 4.000519412659683249e-01
4.412480324304934309e-01 5.587519675695066246e-01
7.527126666054171356e-01 2.472873333945827257e-01
3.962221043715724034e-01 6.037778956284275411e-01
3.358178183813350093e-01 6.641821816186650462e-01
7.206217735018842774e-01 2.793782264981157226e-01
5.838732194899276529e-01 4.161267805100721806e-01
4.522222676710264677e-01 5.477777323289734213e-01
6.146045339031238619e-01 3.853954660968758050e-01
5.720762276768185384e-01 4.279237723231814616e-01
6.760915970093653860e-01 3.239084029906346696e-01
6.893491147671130248e-01 3.106508852328868642e-01
8.717294117647058638e-01 1.282705882352941085e-01
4.253629629629628872e-01 5.746370370370370573e-01
6.966093427961821405e-01 3.033906572038178595e-01
7.235366798031186431e-01 2.764633201968813569e-01
1.476044824084297991e-01 8.523955175915702842e-01
7.466825796460295761e-01 2.533174203539704239e-01
3.846072983635300813e-01 6.153927016364698632e-01
2.598669982366018094e-01 7.401330017633981351e-01
3.784358161538481369e-01 6.215641838461518631e-01
3.650226920066966252e-01 6.349773079933034303e-01
3.195673678077965429e-01 6.804326321922031795e-01
6.269066774605547288e-01 3.730933225394450492e-01
7.488440569172105654e-01 2.511559430827896566e-01
6.091253392175624004e-01 3.908746607824374886e-01
4.879096056147547711e-01 5.120903943852451734e-01
7.085796703296702859e-01 2.914203296703297141e-01
4.632267684802919838e-01 5.367732315197080162e-01
5.286791167070907793e-01 4.713208832929091652e-01
6.562151391993776839e-01 3.437848608006222606e-01
6.867283892022686409e-01 3.132716107977312481e-01
7.009381658637277024e-01 2.990618341362721311e-01
5.464574720183313916e-01 4.535425279816686639e-01
2.996917272017875500e-01 7.003082727982125055e-01
6.346474687022435335e-01 3.653525312977565220e-01
5.152365672486823867e-01 4.847634327513176689e-01
5.612568587119486363e-01 4.387431412880513082e-01
7.099534759018186758e-01 2.900465240981811021e-01
4.954525014145317874e-01 5.045474985854682126e-01
5.581249999999999822e-01 4.418750000000000178e-01
7.411692412664534491e-01 2.588307587335466620e-01
6.282278619311992829e-01 3.717721380688008281e-01
5.248580402263133271e-01 4.751419597736867839e-01
3.470227553655307884e-01 6.529772446344693781e-01
5.367076371964858428e-01 4.632923628035143238e-01
5.799569214335794642e-01 4.200430785664204802e-01
5.389440781581497086e-01 4.610559218418502359e-01
4.299783893572033389e-01 5.700216106427966611e-01
4.293776331684370784e-01 5.706223668315628661e-01
3.412157860972450663e-01 6.587842139027549893e-01
4.579212803428073797e-01 5.420787196571926758e-01
6.067789595504831102e-01 3.932210404495168898e-01
5.805277044630118288e-01 4.194722955369883377e-01
6.536515091561280189e-01 3.463484908438720367e-01
3.069928761890753921e-01 6.930071238109246634e-01
5.365598842961267767e-01 4.634401157038731678e-01
6.193599333665900097e-01 3.806400666334097682e-01
7.339492063492062401e-01 2.660507936507936488e-01
4.836851612344909568e-01 5.163148387655089877e-01
6.826989413222094294e-01 3.173010586777906261e-01
4.276720917832190216e-01 5.723279082167811449e-01
6.694040806627929996e-01 3.305959193372070004e-01
6.393425254747202580e-01 3.606574745252796310e-01
3.618673811823066022e-01 6.381326188176934533e-01
6.684423813599790209e-01 3.315576186400210346e-01
4.732551116624382770e-01 5.267448883375617230e-01
7.358204783685915462e-01 2.641795216314083983e-01
3.872691082260575901e-01 6.127308917739422434e-01
1.507134784714317388e-01 8.492865215285680947e-01
6.465065091428009447e-01 3.534934908571992773e-01
7.491708874458873346e-01 2.508291125541125544e-01
7.001640032520269896e-01 2.998359967479731769e-01
6.699562674930921169e-01 3.300437325069078276e-01
7.664955453339230562e-01 2.335044546660769438e-01
6.750748166306211884e-01 3.249251833693788671e-01
4.911800388812233575e-01 5.088199611187765870e-01
7.154231480868643578e-01 2.845768519131355312e-01
2.406438289398592223e-01 7.593561710601405279e-01
4.461771225707582555e-01 5.538228774292417445e-01
3.829300968579512077e-01 6.170699031420489034e-01
3.708983013578462939e-01 6.291016986421535950e-01
4.423789402519276437e-01 5.576210597480724118e-01
4.612103299393563449e-01 5.387896700606435996e-01
6.772814032558347463e-01 3.227185967441652537e-01
3.753797476665947097e-01 6.246202523334052348e-01
4.501339426579273884e-01 5.498660573420726116e-01
6.432922833052994172e-01 3.567077166947006384e-01
4.538375044627879773e-01 5.461624955372119672e-01
7.301130689041445132e-01 2.698869310958555978e-01
6.021671756836510792e-01 3.978328243163489764e-01
3.633804529753488222e-01 6.366195470246512889e-01
4.993738805668090919e-01 5.006261194331909081e-01
5.505566651255835442e-01 4.494433348744164558e-01
4.817383033928157587e-01 5.182616966071842413e-01
2.632480469888250907e-01 7.367519530111749093e-01
6.380671410038940561e-01 3.619328589961058884e-01
5.506876239804098239e-01 4.493123760195901761e-01
6.373456983367510320e-01 3.626543016632489680e-01
8.207714285714285962e-01 1.792285714285714315e-01
4.524782915904068115e-01 5.475217084095932440e-01
8.655000000000000471e-01 1.345000000000000084e-01
9.399999999999999467e-01 5.999999999999999778e-02
5.152389497571180366e-01 4.847610502428819634e-01
7.841204018109790841e-01 2.158795981890209159e-01
4.311777441303091263e-01 5.688222558696908182e-01
7.272744214108923799e-01 2.727255785891075646e-01
5.560545369868887811e-01 4.439454630131111634e-01
3.739823416302804904e-01 6.260176583697194541e-01
2.541727345451343933e-01 7.458272654548656622e-01
3.583520441058062334e-01 6.416479558941937666e-01
7.932790483917886437e-01 2.067209516082113285e-01
6.150560290093048943e-01 3.849439709906951057e-01
4.213020040626034857e-01 5.786979959373966809e-01
3.604823727384978138e-01 6.395176272615021862e-01
5.717741513356409122e-01 4.282258486643591433e-01
5.758193238168217709e-01 4.241806761831782291e-01
7.163718458392809296e-01 2.836281541607191259e-01
7.139057454211160669e-01 2.860942545788838220e-01
5.013932357130886919e-01 4.986067642869113636e-01
5.037004390350634520e-01 4.962995609649364925e-01
4.631263360224970871e-01 5.368736639775028019e-01
4.145085860946635115e-01 5.854914139053364330e-01
2.118636188561069389e-01 7.881363811438931721e-01
4.151206145054688323e-01 5.848793854945312232e-01
6.194010781619226913e-01 3.805989218380773642e-01
4.858151601612706871e-01 5.141848398387293129e-01
4.659645115806106963e-01 5.340354884193894147e-01
3.174188224277007531e-01 6.825811775722989694e-01
6.452539961336017926e-01 3.547460038663983184e-01
6.164652146913247588e-01 3.835347853086755743e-01
2.565452814061541242e-01 7.434547185938458203e-01
7.827566585545990829e-01 2.172433414454009726e-01
4.085427443875888076e-01 5.914572556124111369e-01
5.499792024388436840e-01 4.500207975611562605e-01
1.238630365166016878e-01 8.761369634833984232e-01
6.700809829059828360e-01 3.299190170940170530e-01
5.009633043384226214e-01 4.990366956615773231e-01
5.197594182231201065e-01 4.802405817768799490e-01
5.146524547657288506e-01 4.853475452342710383e-01
3.814267513020016542e-01 6.185732486979984568e-01
3.751962750405476443e-01 6.248037249594524667e-01
7.645333333333332870e-01 2.354666666666666852e-01
7.722151509920818224e-01 2.277848490079180388e-01
5.929310442985277207e-01 4.070689557014725013e-01
8.264250832408435166e-01 1.735749167591565112e-01
6.151396289439343690e-01 3.848603710560657976e-01
5.243791328822436926e-01 4.756208671177564185e-01
5.774277031651844361e-01 4.225722968348157305e-01
5.937301876780431975e-01 4.062698123219569135e-01
4.259382629952891408e-01 5.740617370047108592e-01
7.520639647990053911e-01 2.479360352009946367e-01
3.122550244580736267e-01 6.877449755419263733e-01
3.333641025641025935e-01 6.666358974358973510e-01
2.147667965875092733e-01 7.852332034124906990e-01
4.572425274029717213e-01 5.427574725970282232e-01
5.487358486210593966e-01 4.512641513789404923e-01
6.592219543112491920e-01 3.407780456887506415e-01
7.049381535981734670e-01 2.950618464018264775e-01
3.935234836174879569e-01 6.064765163825120986e-01
5.339618331134772244e-01 4.660381668865226645e-01
6.145977376938512871e-01 3.854022623061486019e-01
2.469557079055892945e-01 7.530442920944105945e-01
4.881810358049958887e-01 5.118189641950041668e-01
2.012506933722530700e-01 7.987493066277469023e-01
4.129005997858700150e-01 5.870994002141298740e-01
6.620086927021137102e-01 3.379913072978862898e-01
7.580000000000000071e-01 2.419999999999999929e-01
5.734857978830552039e-01 4.265142021169447961e-01
5.109238993710691901e-01 4.890761006289307544e-01
6.306437686230251805e-01 3.693562313769748195e-01
6.059396163030167370e-01 3.940603836969833740e-01
6.709910737350551768e-01 3.290089262649447122e-01
6.008281848159783278e-01 3.991718151840216722e-01
5.862963556530881304e-01 4.137036443469118696e-01
2.227723655377448764e-01 7.772276344622550681e-01
5.954577949476621557e-01 4.045422050523378998e-01
3.985779686059066074e-01 6.014220313940933371e-01
4.355043477383530592e-01 5.644956522616471073e-01
7.333995809745811334e-01 2.666004190254189776e-01
5.016187741458859595e-01 4.983812258541139850e-01
5.247404724746546067e-01 4.752595275253453377e-01
4.920841277264070279e-01 5.079158722735930276e-01
4.064202787165488440e-01 5.935797212834510450e-01
7.351972409517165685e-01 2.648027590482833760e-01
5.830579443648873372e-01 4.169420556351125517e-01
5.435387457587457227e-01 4.564612542412542773e-01
9.539999999999999591e-01 4.599999999999999922e-02
3.593695222469627804e-01 6.406304777530372752e-01
4.096978447721605354e-01 5.903021552278394646e-01
6.417301855158996648e-01 3.582698144841001686e-01
4.866796731179675595e-01 5.133203268820324405e-01
4.522865702885785488e-01 5.477134297114217842e-01
9.360000000000000542e-01 6.400000000000000133e-02
5.564491594011964359e-01 4.435508405988036751e-01
4.698067226890756398e-01 5.301932773109243602e-01
5.635406044782275137e-01 4.364593955217725973e-01
4.917676778940929250e-01 5.082323221059071860e-01
4.402807378384586690e-01 5.597192621615412200e-01
5.944346500249554355e-01 4.055653499750445645e-01
5.621461571405269586e-01 4.378538428594730969e-01
4.896655708480019964e-01 5.103344291519980036e-01
3.043504529808639947e-01 6.956495470191358388e-01
7.259900587604575239e-01 2.740099412395425871e-01
7.288161572445526204e-01 2.711838427554474351e-01
4.007871939668132266e-01 5.992128060331868289e-01
7.568398673300166246e-01 2.431601326699834309e-01
6.477319404113318635e-01 3.522680595886682475e-01
5.809186911463709579e-01 4.190813088536288200e-01
2.450717120736044807e-01 7.549282879263954360e-01
5.546563550639416196e-01 4.453436449360584359e-01
7.315128166571714941e-01 2.684871833428286170e-01
2.866942604192379007e-01 7.133057395807621548e-01
5.034825255450794401e-01 4.965174744549206154e-01
5.039576353278751863e-01 4.960423646721247581e-01
3.601483775929080755e-01 6.398516224070921465e-01
7.458179155900086510e-01 2.541820844099913490e-01
4.036320624508993871e-01 5.963679375491005574e-01
5.813623040988548096e-01 4.186376959011452459e-01
1.399398557401461407e-01 8.600601442598537760e-01
7.398081588084295390e-01 2.601918411915704610e-01
4.386328981540617566e-01 5.613671018459381878e-01
7.810396280896282351e-01 2.189603719103719315e-01
5.156584348651775951e-01 4.843415651348224049e-01
8.661308456801415367e-01 1.338691543198585188e-01
4.775550370659529253e-01 5.224449629340470747e-01
5.748257173649166107e-01 4.251742826350833893e-01
2.833202861727196487e-01 7.166797138272802403e-01
5.033903837508943990e-01 4.966096162491056010e-01
5.776461363464939769e-01 4.223538636535059121e-01
5.868199704653334070e-01 4.131800295346666485e-01
6.769643260334438084e-01 3.230356739665562471e-01
4.513874999999999971e-01 5.486124999999999474e-01
4.146149278280916173e-01 5.853850721719083827e-01
6.778917269705631021e-01 3.221082730294368979e-01
4.525974046889578717e-01 5.474025953110420728e-01
5.105367038562159676e-01 4.894632961437840324e-01
6.740168956430180325e-01 3.259831043569818010e-01
6.217611162058861440e-01 3.782388837941138560e-01
4.762291126010966824e-01 5.237708873989033176e-01
4.813937800483094609e-01 5.186062199516905391e-01
4.798899727748249244e-01 5.201100272251751866e-01
2.755812988918306949e-01 7.244187011081694161e-01
5.536235887258339483e-01 4.463764112741661072e-01
6.280798534798536226e-01 3.719201465201464885e-01
5.661724137931034573e-01 4.338275862068965427e-01
3.966295204666381302e-01 6.033704795333618698e-01
6.480713549146173147e-01 3.519286450853826298e-01
8.102857142857142758e-01 1.897142857142857242e-01
4.657329223530435880e-01 5.342670776469563565e-01
5.743076403960867271e-01 4.256923596039131064e-01
6.352563553557697418e-01 3.647436446442302582e-01
7.145295454545455005e-01 2.854704545454545550e-01
3.961810901509184579e-01 6.038189098490814866e-01
5.815373524506423086e-01 4.184626475493576359e-01
3.760947123901982603e-01 6.239052876098017952e-01
5.491531004729511833e-01 4.508468995270487611e-01
6.707727043120771393e-01 3.292272956879228607e-01
5.902158574367620814e-01 4.097841425632378631e-01
3.182127585751032828e-01 6.817872414248966617e-01
7.557000000000000384e-01 2.443000000000000171e-01
4.432438160813876871e-01 5.567561839186123684e-01
4.035145202813463228e-01 5.964854797186536217e-01
5.827675015808564396e-01 4.172324984191435049e-01
6.072003887554556778e-01 3.927996112445442112e-01
7.610933143669984524e-01 2.389066856330014366e-01
5.169166538055584015e-01 4.830833461944414875e-01
7.355576683826684503e-01 2.644423316173316607e-01
4.511896066582939957e-01 5.488103933417060043e-01
5.275073612722680494e-01 4.724926387277318396e-01
5.628186862097510623e-01 4.371813137902491042e-01
2.359300163305935449e-01 7.640699836694064828e-01
6.782622953352930306e-01 3.217377046647069139e-01
6.662895440251572765e-01 3.337104559748427790e-01
6.207535207882977080e-01 3.792464792117023475e-01
3.003669795564551936e-01 6.996330204435448064e-01
4.686180818376431967e-01 5.313819181623569143e-01
3.895156074070288965e-01 6.104843925929710480e-01
3.919188988361922421e-01 6.080811011638077579e-01
7.310185156290632813e-01 2.689814843709367742e-01
2.681861205249878588e-01 7.318138794750120857e-01
5.999929736581570694e-01 4.000070263418430416e-01
4.594157843560286447e-01 5.405842156439714108e-01
5.824100916011960560e-01 4.175899083988037774e-01
2.151323775600652577e-01 7.848676224399346868e-01
4.055928457367047324e-01 5.944071542632951566e-01
5.681138035159117861e-01 4.318861964840882139e-01
5.222420177905173766e-01 4.777579822094825679e-01
4.292317818619073577e-01 5.707682181380926423e-01
6.763934764242754971e-01 3.236065235757243919e-01
6.165147322205282165e-01 3.834852677794717835e-01
4.626260254703711272e-01 5.373739745296288728e-01
5.993779503428345867e-01 4.006220496571653578e-01
5.804916379696153372e-01 4.195083620303847738e-01
6.482608320222266185e-01 3.517391679777733815e-01
4.848810032276343884e-01 5.151189967723656116e-01
2.345375003487260579e-01 7.654624996512738866e-01
3.679876946736497789e-01 6.320123053263502211e-01
5.404998693445801639e-01 4.595001306554199472e-01
6.743263482356761651e-01 3.256736517643240014e-01
3.276666628394314107e-01 6.723333371605686448e-01
4.808826237487834332e-01 5.191173762512166778e-01
3.627591910512708018e-01 6.372408089487291427e-01
2.998765098492065517e-01 7.001234901507934483e-01
7.800973853684030068e-01 2.199026146315969654e-01
2.858688791827599385e-01 7.141311208172399505e-01
8.377111111111111841e-01 1.622888888888888992e-01
3.628652558700986019e-01 6.371347441299013425e-01
7.707649620949869052e-01 2.292350379050130948e-01
4.999871717316595188e-01 5.000128282683404812e-01
6.457926933669874137e-01 3.542073066330125863e-01
4.797791450430471949e-01 5.202208549569526941e-01
4.695434887297578186e-01 5.304565112702420704e-01
7.470815990240771143e-01 2.529184009759228857e-01
3.845557538159000144e-01 6.154442461840999856e-01
3.288917149253836048e-01 6.711082850746161732e-01
4.007741894146635842e-01 5.992258105853365269e-01
5.406252509282932772e-01 4.593747490717066673e-01
6.571913888888889499e-01 3.428086111111110501e-01
2.223710392524321233e-01 7.776289607475680432e-01
9.559999999999999609e-01 4.399999999999999745e-02
4.553052996640159500e-01 5.446947003359842165e-01
5.155721698884894177e-01 4.844278301115106378e-01
8.370306260277191601e-01 1.629693739722809787e-01
5.005326361544696345e-01 4.994673638455303655e-01
1.997538720538720447e-01 8.002461279461279275e-01
4.616958557411225961e-01 5.383041442588775150e-01
5.605012279168823941e-01 4.394987720831174949e-01
6.427275375361849452e-01 3.572724624638150548e-01
8.693333333333334023e-01 1.306666666666666810e-01
8.559999999999999831e-01 1.439999999999999891e-01
4.623313677753057571e-01 5.376686322246941874e-01
7.338565858499538352e-01 2.661434141500461648e-01
7.027407068401186896e-01 2.972592931598815325e-01
4.859757991068804905e-01 5.140242008931195095e-01
8.818749999999999645e-01 1.181249999999999939e-01
5.917852851243216028e-01 4.082147148756783972e-01
6.403020553351292943e-01 3.596979446648708723e-01
4.184687543041400448e-01 5.815312456958600107e-01
2.559754771654647598e-01 7.440245228345352402e-01
6.581373174249907088e-01 3.418626825750095688e-01
2.481143817419485809e-01 7.518856182580515579e-01
6.316291719720381614e-01 3.683708280279618386e-01
5.266119076444153446e-01 4.733880923555845999e-01
3.751557683442235946e-01 6.248442316557762943e-01
6.391294400343668913e-01 3.608705599656331642e-01
3.912800763583560992e-01 6.087199236416439563e-01
4.289456152094008323e-01 5.710543847905994452e-01
7.591127866636074861e-01 2.408872133363925139e-01
5.632455534463907121e-01 4.367544465536092324e-01
3.064086086138401721e-01 6.935913913861597724e-01
5.419004971498905254e-01 4.580995028501095856e-01
3.657751660716995201e-01 6.342248339283004244e-01
4.462750953101996543e-01 5.537249046898004012e-01
6.150383222629750568e-01 3.849616777370249987e-01
9.719999999999999751e-01 2.800000000000000058e-02
3.747471265406392416e-01 6.252528734593607584e-01
2.359871013712783461e-01 7.640128986287216817e-01
6.451834187161717971e-01 3.548165812838282029e-01
5.008795504031572365e-01 4.991204495968427635e-01
7.613235989097068002e-01 2.386764010902931166e-01
5.047128796368540726e-01 4.952871203631459829e-01
8.193055410815146544e-01 1.806944589184853733e-01
4.748792640960448619e-01 5.251207359039551381e-01
6.354199880676660861e-01 3.645800119323339694e-01
6.150652462619201621e-01 3.849347537380797268e-01
7.900000000000000355e-01 2.099999999999999922e-01
3.702102557395310911e-01 6.297897442604685203e-01
6.407389107434627862e-01 3.592610892565371583e-01
5.504022988505746783e-01 4.495977011494252662e-01
7.236957676469871759e-01 2.763042323530128241e-01
2.394940981941573455e-01 7.605059018058427656e-01
7.531202475001169683e-01 2.468797524998829762e-01
6.192302992702238829e-01 3.807697007297761171e-01
7.358731289450036739e-01 2.641268710549963261e-01
3.621628922361425640e-01 6.378371077638574915e-01
5.444499584032266304e-01 4.555500415967733696e-01
3.472243186582809615e-01 6.527756813417190385e-01
6.439722687118700772e-01 3.560277312881298117e-01
3.608318314017842643e-01 6.391681685982157912e-01
5.383065984296718787e-01 4.616934015703280103e-01
7.640000000000000124e-01 2.359999999999999876e-01
6.402362585047243204e-01 3.597637414952756241e-01
2.375647578949585392e-01 7.624352421050412110e-01
7.731554007826855202e-01 2.268445992173143411e-01
7.122007898602100706e-01 2.877992101397900404e-01
3.817888162251688033e-01 6.182111837748311967e-01
7.996538697075282753e-01 2.003461302924717802e-01
5.603720547503040494e-01 4.396279452496960061e-01
6.392154507749127079e-01 3.607845492250872921e-01
6.945714636486542970e-01 3.054285363513457030e-01
6.954571428571427738e-01 3.045428571428571707e-01
6.818790758518498141e-01 3.181209241481501304e-01
5.837407373657163001e-01 4.162592626342836999e-01
4.220744186046511692e-01 5.779255813953488863e-01
7.421374119912735878e-01 2.578625880087265232e-01
7.520677980634502546e-01 2.479322019365497731e-01
6.816648316218570924e-01 3.183351683781429631e-01
5.785618461372845633e-01 4.214381538627154922e-01
3.951575829770951342e-01 6.048424170229047547e-01
5.418143506553799726e-01 4.581856493446200274e-01
6.730941546829881661e-01 3.269058453170119449e-01
4.514915406880251059e-01 5.485084593119748941e-01
7.570990253177980467e-01 2.429009746822018978e-01
6.299334763541111215e-01 3.700665236458889340e-01
3.012185756307951823e-01 6.987814243692048732e-01
8.033966160662141531e-01 1.966033839337857914e-01
5.929458267983140907e-01 4.070541732016859648e-01
4.884977356897445833e-01 5.115022643102554722e-01
5.565220485926480887e-01 4.434779514073519668e-01
3.295944644062200335e-01 6.704055355937800220e-01
3.434886252423612341e-01 6.565113747576388770e-01
7.335477749548554582e-01 2.664522250451445418e-01
5.566914908155364827e-01 4.433085091844635173e-01
4.525818474879059750e-01 5.474181525120939140e-01
4.146302850476795698e-01 5.853697149523203747e-01
4.484004590600524365e-01 5.515995409399476745e-01
4.100118122562741441e-01 5.899881877437258559e-01
5.351683557207111974e-01 4.648316442792887471e-01
3.174925544754830242e-01 6.825074455245169203e-01
6.234936901589407388e-01 3.765063098410593168e-01
6.856690390592966589e-01 3.143309609407033967e-01
5.274626623376623691e-01 4.725373376623376864e-01
5.519075569493647748e-01 4.480924430506351697e-01
6.105196933152274852e-01 3.894803066847725703e-01
4.450980625593670692e-01 5.549019374406329863e-01
7.767967156429326225e-01 2.232032843570672664e-01
4.746182835761538765e-01 5.253817164238461235e-01
3.679892579394278829e-01 6.320107420605721726e-01
5.733747603639932633e-01 4.266252396360067367e-01
7.456358605821507002e-01 2.543641394178492998e-01
4.154487298988129851e-01 5.845512701011870149e-01
7.907952558739298476e-01 2.092047441260702079e-01
6.113325296015967858e-01 3.886674703984032142e-01
2.622603109128553434e-01 7.377396890871446011e-01
5.977266266681773299e-01 4.022733733318226701e-01
1.918937014213150105e-01 8.081062985786849895e-01
4.115794442748589854e-01 5.884205557251409591e-01
5.171864452946938195e-01 4.828135547053061805e-01
3.623312637812085568e-01 6.376687362187912766e-01
7.422289097875305330e-01 2.577710902124695225e-01
4.312303145898976342e-01 5.687696854101023103e-01
4.575295447524546089e-01 5.424704552475454467e-01
5.039054184399363034e-01 4.960945815600637521e-01
5.038517812549800912e-01 4.961482187450199088e-01
7.361508908900756820e-01 2.638491091099243735e-01
4.488781183603043345e-01 5.511218816396957765e-01
6.989487490122565649e-01 3.010512509877433796e-01
3.985705306945435122e-01 6.014294693054564878e-01
3.511006494969577951e-01 6.488993505030422604e-01
8.739999999999999991e-01 1.260000000000000009e-01
5.811784293220948472e-01 4.188215706779051528e-01
5.984026173212310118e-01 4.015973826787688217e-01
6.819249015074807518e-01 3.180750984925192482e-01
4.078373584905660154e-01 5.921626415094338736e-01
7.883588566153082455e-01 2.116411433846917545e-01
4.579888645026181093e-01 5.420111354973817797e-01
4.421233275788253869e-01 5.578766724211746686e-01
5.881152075011958358e-01 4.118847924988038867e-01
3.959703208852987100e-01 6.040296791147012900e-01
7.450693829960253201e-01 2.549306170039745689e-01
6.157490767799549403e-01 3.842509232200448932e-01
3.645265826736084902e-01 6.354734173263912878e-01
3.239406637096519104e-01 6.760593362903479786e-01
6.713642627883964487e-01 3.286357372116034403e-01
3.794429258819208006e-01 6.205570741180790328e-01
5.716267009162980806e-01 4.283732990837019750e-01
4.237336561229991805e-01 5.762663438770009305e-01
6.849807626137706107e-01 3.150192373862293893e-01
4.166925056847575748e-01 5.833074943152423142e-01
5.944616137684716195e-01 4.055383862315283250e-01
5.137148944603747713e-01 4.862851055396250621e-01
5.430720608683002881e-01 4.569279391316998784e-01
5.256406850565130684e-01 4.743593149434869316e-01
5.446930617792999918e-01 4.553069382206998417e-01
4.412170733760688579e-01 5.587829266239311421e-01
